14 8 7 2 4 9 10 5 16 3 11 13 6 15 12 1 
13 1 4 5 14 2 11 7 6 9 12 15 10 3 16 8 
12 6 16 11 15 1 13 3 14 2 10 8 4 5 7 9 
9 10 15 3 6 8 12 16 5 4 1 7 14 13 11 2 
15 16 8 1 5 11 7 14 2 6 13 9 3 12 10 4 
6 7 10 13 8 16 1 12 4 11 3 14 15 2 9 5 
4 3 5 14 2 10 9 15 8 7 16 12 11 1 13 6 
11 2 12 9 13 4 3 6 15 1 5 10 16 7 8 14 
8 4 14 16 10 12 2 9 3 15 7 5 13 6 1 11 
3 5 2 6 11 7 4 8 12 13 14 1 9 10 15 16 
1 12 9 7 16 15 14 13 11 10 8 6 2 4 5 3 
10 11 13 15 3 6 5 1 9 16 4 2 7 8 14 12 
2 14 3 4 9 5 8 10 7 12 15 11 1 16 6 13 
5 9 11 10 1 3 15 2 13 8 6 16 12 14 4 7 
7 15 6 8 12 13 16 4 1 14 9 3 5 11 2 10 
16 13 1 12 7 14 6 11 10 5 2 4 8 9 3 15 
