13 15 1 11 4 16 12 2 3 5 10 9 7 6 14 8 
9 8 2 12 11 14 15 3 6 1 13 7 5 10 16 4 
4 16 7 3 13 5 10 6 11 8 14 2 1 12 15 9 
6 10 14 5 9 8 7 1 16 4 15 12 2 3 11 13 
7 3 16 2 8 4 13 9 1 12 6 10 14 15 5 11 
14 11 12 8 10 3 6 15 2 13 4 5 16 9 1 7 
15 13 4 6 14 1 5 12 7 11 9 16 10 8 2 3 
5 9 10 1 16 2 11 7 15 3 8 14 13 4 6 12 
3 4 13 14 2 6 1 5 10 16 12 8 9 11 7 15 
10 12 6 16 15 11 9 8 5 14 7 3 4 2 13 1 
8 1 11 9 12 7 16 14 13 15 2 4 6 5 3 10 
2 5 15 7 3 13 4 10 9 6 1 11 8 16 12 14 
16 7 8 13 6 12 2 4 14 10 3 15 11 1 9 5 
12 6 5 15 1 10 14 16 8 9 11 13 3 7 4 2 
11 2 3 4 5 9 8 13 12 7 16 1 15 14 10 6 
1 14 9 10 7 15 3 11 4 2 5 6 12 13 8 16 
